       1     152      85
       1     152    81.5
       1     152    83.5
       2     125     102
       2     125    90.5
       2     125    98.5
       3      99     109
       3      99   115.5
       4      66     131
       4      66   128.5
       4      66   138.5
       5      53     149
       5      53     149
       5      53     147
       6      35   152.5
       6      35   158.5
       6      35     151
       7      25     161
       7      25     170
       7      25     166
       8      17   185.5
       8      17     192